nmw=1, nsvr=1, tmw=8 2945.4262295081967
nmw=2, nsvr=1, tmw=8 2946.4426229508194
nmw=1, nsvr=3, tmw=8 6734.852459016394
nmw=2, nsvr=3, tmw=8 8828.0
nmw=1, nsvr=1, tmw=32 2945.437158469945
nmw=2, nsvr=1, tmw=32 2959.5792349726776
nmw=1, nsvr=3, tmw=32 8820.88524590164
nmw=2, nsvr=3, tmw=32 8839.459016393443
 
params: [5627.5102459   265.85997268 2678.28893443  263.82991803  262.07035519
  260.54303279 -257.68101093 -260.96243169]
 
-1.7053025658242404e-13
Mean Estimate	Sum of Squares		Variation Explained
qa:	265.8600	ssa:	282726.100289	ssa/sst:	0.009
qb:	2678.2889	ssb:	28692926.465080	ssb/sst:	0.944
qc:	263.8299	ssc:	278424.902597	ssc/sst:	0.009
qab:	262.0704	ssab:	274723.484280	ssab/sst:	0.009
qbc:	260.5430	ssbc:	271530.687735	ssbc/sst:	0.009
qac:	-257.6810	ssac:	265598.013573	ssac/sst:	0.009
qabc:	-260.9624	ssabc:	272405.563023	ssabc/sst:	0.009
		sse:	47440.389501	sse/sst:	0.002
		sst:	30385775.606078
 
nmw=1, nsvr=1, tmw=8: 2945.426229508194
nmw=2, nsvr=1, tmw=8: 2946.4426229508194
nmw=1, nsvr=3, tmw=8: 6734.8524590163925
nmw=2, nsvr=3, tmw=8: 8827.999999999998
nmw=1, nsvr=1, tmw=32: 2945.4371584699447
nmw=2, nsvr=1, tmw=32: 2959.579234972678
nmw=1, nsvr=3, tmw=32: 8820.885245901638
nmw=2, nsvr=3, tmw=32: 8839.459016393439
 
Mean absoulte fit error:  0.00010556080303558701
Total squared fit error: 2.614620067146181e-07
Factors a,b,c are nmw,nsvr,tmw.
