nmw=1, nsvr=1, tmw=8 3364.300546448087
nmw=2, nsvr=1, tmw=8 4318.956284153006
nmw=1, nsvr=3, tmw=8 2655.2295081967213
nmw=2, nsvr=3, tmw=8 3729.677595628415
nmw=1, nsvr=1, tmw=32 5832.814207650274
nmw=2, nsvr=1, tmw=32 7321.327868852459
nmw=1, nsvr=3, tmw=32 4786.480874316941
nmw=2, nsvr=3, tmw=32 6782.086883702262
 
params: [4848.85922112  689.15293697 -360.49050566 1331.81823751   78.36058724
  -35.90307396  181.87698068   48.41249981]
 
2.2737367544323206e-13
Mean Estimate	Sum of Squares		Variation Explained
qa:	689.1529	ssa:	1899727.082113	ssa/sst:	0.196
qb:	-360.4905	ssb:	519813.618677	ssb/sst:	0.054
qc:	1331.8182	ssc:	7094959.271078	ssc/sst:	0.731
qab:	78.3606	ssab:	24561.526530	ssab/sst:	0.003
qbc:	-35.9031	ssbc:	5156.122880	ssbc/sst:	0.001
qac:	181.8770	ssac:	132316.944407	ssac/sst:	0.014
qabc:	48.4125	ssabc:	9375.080550	ssabc/sst:	0.001
		sse:	15311.577167	sse/sst:	0.002
		sst:	9701221.223401
 
nmw=1, nsvr=1, tmw=8: 3364.3005464480857
nmw=2, nsvr=1, tmw=8: 4318.956284153005
nmw=1, nsvr=3, tmw=8: 2655.2295081967204
nmw=2, nsvr=3, tmw=8: 3729.6775956284155
nmw=1, nsvr=1, tmw=32: 5832.814207650274
nmw=2, nsvr=1, tmw=32: 7321.32786885246
nmw=1, nsvr=3, tmw=32: 4786.4808743169415
nmw=2, nsvr=3, tmw=32: 6782.086883702264
 
Mean absoulte fit error:  0.00011852778243337525
Total squared fit error: 1.8471029652396482e-07
Factors a,b,c are nmw,nsvr,tmw.
